 
 iter    objective      ||grad||        inf_pr          inf_du         lg(mu)
    0  0.1929472E+04  0.0000000E+00  0.0000000E+00  0.1948571E+02  0.1000000E+01

******************************************************************************
This program contains Ipopt, a library for large-scale nonlinear optimization.
 Ipopt is released as open source code under the Eclipse Public License (EPL).
         For more information visit http://projects.coin-or.org/Ipopt
******************************************************************************

    1  0.1837076E+02  0.8863092E+06  0.5779178E+02  0.1390811E+05  0.6002050E+05
    2  0.5785030E+02  0.1124585E+04  0.3064612E+02  0.6468314E+04  0.4259274E+03
    3  0.8425122E+02  0.1192990E+03  0.1765708E+02  0.3746908E+04  0.3571744E+03
    4  0.1774585E+03  0.2818017E+03  0.7779757E+01  0.1851597E+04  0.6798623E+02
    5  0.3132371E+03  0.2451297E+03  0.3533058E+01  0.9142215E+03  0.7343316E+02
    6  0.4028154E+03  0.8970229E+03  0.2099470E+01  0.5716773E+03  0.1555440E+01
    7  0.5564305E+02  0.1090299E+06  0.2271600E+01  0.1961891E+04  0.4210150E+02
    8  0.9411654E+02  0.7457109E+01  0.8779088E+00  0.9922351E+03  0.4557893E+01
    9  0.1179685E+03  0.3245686E+02  0.3487805E+00  0.1350860E+03  0.4563406E+00
   10  0.1474982E+03  0.6143667E+01  0.7127220E-01  0.4382690E+02  0.1516040E+00
   11  0.1572983E+03  0.1989793E+01  0.4423566E-02  0.5096921E+01  0.7767703E-02
   12  0.1579528E+03  0.1343894E+00  0.1766077E-04  0.3449679E+00  0.3115874E-03
   13  0.1579252E+03  0.1761090E+00  0.6528095E-06  0.1252797E-01  0.7712162E-03
   14  0.1579222E+03  0.5611422E+00  0.7892415E-05  0.1222785E-03  0.2449806E-04
   15  0.1579234E+03  0.2276544E-03  0.1010083E-08  0.1618642E-07  0.2523663E-10
   16  0.1579234E+03  0.6468777E-01  0.1057095E-06  0.1034780E-05  0.1000000E-10
   17  0.1579234E+03  0.5334831E-02  0.7222820E-09  0.7097948E-08  0.1000000E-10
   18  0.1579226E+03  0.4553664E+00  0.5242016E-05  0.5119472E-04  0.1000000E-10
   19  0.1579234E+03  0.4444052E-03  0.2075427E-10  0.2222193E-09  0.1000000E-10
   20  0.1579152E+03  0.1430904E+01  0.5200040E-04  0.5041984E-03  0.1000000E-10
   21  0.1579234E+03  0.5117968E-02  0.2027856E-08  0.1967255E-07  0.1000000E-10
   22  0.1579233E+03  0.9720550E-01  0.2434501E-06  0.2359349E-05  0.1000000E-10
   23  0.1579234E+03  0.7860053E-03  0.1696441E-10  0.1741109E-09  0.1000000E-10
   24  0.1579000E+03  0.2395156E+01  0.1479757E-03  0.1416727E-02  0.1000000E-10
   25  0.1579234E+03  0.1438898E-01  0.1641855E-07  0.1572052E-06  0.1000000E-10
   26  0.1579234E+03  0.6566300E-02  0.1139927E-08  0.1091866E-07  0.1000000E-10
   27  0.1579233E+03  0.9291768E-01  0.2281662E-06  0.2183364E-05  0.1000000E-10
   28  0.1579234E+03  0.4418645E-03  0.5735168E-11  0.6009420E-10  0.1000000E-10
 
 The solution was found.
 
 The final value of the objective function is    157.923383937421     
 
 The optimal values of X are:
 
 X  (           1 ) =    194.430654815405     
 X  (           2 ) =    33.0068217369329     
 X  (           3 ) =    500.000000000000     
 
 The multipliers for the equality constraints are:
 
 LAM(           1 ) =    157.923382359270     
 LAM(           2 ) =   1.006453675313564E-011
 This problem has infinitely many solutions--Komahan
